service_id,monday,tuesday,wednesday,thursday,friday,saturday,sunday,start_date,end_date
256537001,1,1,1,1,1,0,0,20230904,20230929
257646501,0,0,0,0,0,1,0,20230909,20230930
257647601,0,0,0,0,0,0,1,20230910,20231001
258186002,1,1,1,1,1,0,0,20230912,20230912
258219502,0,0,0,0,0,1,0,20230917,20230917
258869503,0,0,0,0,0,1,0,20230923,20230923
258914602,0,0,0,0,0,0,1,20230924,20230924
258132000,1,1,1,1,1,0,0,20230904,20230928
257642500,0,0,0,0,0,1,0,20230909,20230923
257568600,0,0,0,0,0,0,1,20230910,20230924
258933001,1,1,1,1,1,0,0,20230929,20230929
258936501,0,0,0,0,0,1,0,20230930,20230930
258938601,0,0,0,0,0,0,1,20231001,20231001
258133000,1,1,1,1,1,0,0,20230904,20230929
257641500,0,0,0,0,0,1,0,20230909,20230930
257567600,0,0,0,0,0,0,1,20230910,20231001
258134000,1,1,1,1,1,0,0,20230904,20230929
257640500,0,0,0,0,0,1,0,20230909,20230930
257566600,0,0,0,0,0,0,1,20230910,20231001
258456501,0,0,0,0,0,1,0,20230917,20230917
256714000,1,1,1,1,1,0,0,20230904,20230929
256691500,0,0,0,0,0,1,0,20230909,20230930
256692600,0,0,0,0,0,0,1,20230910,20231001
258316501,0,0,0,0,0,1,0,20230917,20230917
257171000,1,1,1,1,1,0,0,20230904,20230929
258388001,1,1,1,1,1,0,0,20230908,20230908
257159500,0,0,0,0,0,1,0,20230909,20230930
257131600,0,0,0,0,0,0,1,20230910,20231001
258443002,1,1,1,1,1,0,0,20230912,20230912
258519501,0,0,0,0,0,1,0,20230917,20230917
257126001,1,1,1,1,1,0,0,20230904,20230929
257117501,0,0,0,0,0,1,0,20230909,20230930
257115601,0,0,0,0,0,0,1,20230910,20231001
258706502,0,0,0,0,0,1,0,20230917,20230917
257128001,1,1,1,1,1,0,0,20230904,20230929
257142501,0,0,0,0,0,1,0,20230909,20230930
257151601,0,0,0,0,0,0,1,20230910,20230924
258601502,0,0,0,0,0,1,0,20230917,20230917
259072602,0,0,0,0,0,0,1,20231001,20231001
258708001,1,1,1,1,1,0,0,20230904,20230929
258734502,0,0,0,0,0,1,0,20230909,20230930
258761601,0,0,0,0,0,0,1,20230910,20230924
258510501,0,0,0,0,0,1,0,20230917,20230917
259040602,0,0,0,0,0,0,1,20231001,20231001
257023000,1,1,1,1,1,0,0,20230904,20230929
257030500,0,0,0,0,0,1,0,20230909,20230930
257032600,0,0,0,0,0,0,1,20230910,20231001
258603501,0,0,0,0,0,1,0,20230917,20230917
257881000,1,1,1,1,1,0,0,20230904,20230929
258005070,1,1,1,1,1,0,0,20230906,20230927
257092500,0,0,0,0,0,1,0,20230909,20230930
257093600,0,0,0,0,0,0,1,20230910,20231001
257172000,1,1,1,1,1,0,0,20230904,20230929
257983070,1,1,1,1,1,0,0,20230906,20230927
257160500,0,0,0,0,0,1,0,20230909,20230930
257132600,0,0,0,0,0,0,1,20230910,20231001
257085001,1,1,1,1,1,0,0,20230904,20230929
257099501,0,0,0,0,0,1,0,20230909,20230930
257119601,0,0,0,0,0,0,1,20230910,20230924
258448502,0,0,0,0,0,1,0,20230917,20230917
259037602,0,0,0,0,0,0,1,20231001,20231001
256935001,1,1,1,1,1,0,0,20230904,20230929
256950501,0,0,0,0,0,1,0,20230909,20230930
257011601,0,0,0,0,0,0,1,20230910,20231001
258682502,0,0,0,0,0,1,0,20230917,20230917
258135000,1,1,1,1,1,0,0,20230904,20230929
257639500,0,0,0,0,0,1,0,20230909,20230923
257565600,0,0,0,0,0,0,1,20230910,20230924
258457501,0,0,0,0,0,1,0,20230917,20230917
258910502,0,0,0,0,0,1,0,20230930,20230930
258908601,0,0,0,0,0,0,1,20231001,20231001
257208001,1,1,1,1,1,0,0,20230904,20230929
257180501,0,0,0,0,0,1,0,20230909,20230930
257166601,0,0,0,0,0,0,1,20230910,20231001
258663502,0,0,0,0,0,1,0,20230917,20230917
257035000,1,1,1,1,1,0,0,20230904,20230929
257046030,1,1,1,1,1,0,0,20230906,20230927
257050500,0,0,0,0,0,1,0,20230909,20230930
257054600,0,0,0,0,0,0,1,20230910,20231001
258657501,0,0,0,0,0,1,0,20230917,20230917
257155001,1,1,1,1,1,0,0,20230904,20230929
257162501,0,0,0,0,0,1,0,20230909,20230930
257164601,0,0,0,0,0,0,1,20230910,20231001
258452502,0,0,0,0,0,1,0,20230917,20230917
257284001,1,1,1,1,1,0,0,20230904,20230928
257854051,1,1,1,1,1,0,0,20230908,20230929
257282501,0,0,0,0,0,1,0,20230909,20230930
257238601,0,0,0,0,0,0,1,20230910,20231001
258675502,0,0,0,0,0,1,0,20230917,20230917
257026001,1,1,1,1,1,0,0,20230904,20230929
257037501,0,0,0,0,0,1,0,20230909,20230930
257041601,0,0,0,0,0,0,1,20230910,20231001
258585502,0,0,0,0,0,1,0,20230917,20230917
257352000,1,1,1,1,1,0,0,20230904,20230929
257366500,0,0,0,0,0,1,0,20230909,20230930
257372600,0,0,0,0,0,0,1,20230910,20231001
258488501,0,0,0,0,0,1,0,20230917,20230917
257377001,1,1,1,1,1,0,0,20230904,20230929
257379501,0,0,0,0,0,1,0,20230909,20230930
257378601,0,0,0,0,0,0,1,20230910,20231001
258824503,0,0,0,0,0,1,0,20230916,20230916
258715502,0,0,0,0,0,1,0,20230917,20230917
256745001,1,1,1,1,1,0,0,20230904,20230929
256741501,0,0,0,0,0,1,0,20230909,20230930
256732601,0,0,0,0,0,0,1,20230910,20231001
258482502,0,0,0,0,0,1,0,20230917,20230917
256803000,1,1,1,1,1,0,0,20230904,20230908
257242500,0,0,0,0,0,1,0,20230909,20230930
257243600,0,0,0,0,0,0,1,20230910,20231001
258370001,1,1,1,1,1,0,0,20230911,20230929
258317501,0,0,0,0,0,1,0,20230917,20230917
257381001,1,1,1,1,1,0,0,20230904,20230929
257388501,0,0,0,0,0,1,0,20230909,20230930
257390600,0,0,0,0,0,0,1,20230910,20231001
258667502,0,0,0,0,0,1,0,20230917,20230917
257236001,1,1,1,1,1,0,0,20230904,20230929
257206501,0,0,0,0,0,1,0,20230909,20230930
257191601,0,0,0,0,0,0,1,20230910,20231001
258779502,0,0,0,0,0,1,0,20230917,20230917
256940001,1,1,1,1,1,0,0,20230904,20230929
256967501,0,0,0,0,0,1,0,20230909,20230930
256932601,0,0,0,0,0,0,1,20230910,20231001
258758503,0,0,0,0,0,1,0,20230916,20230916
258484502,0,0,0,0,0,1,0,20230917,20230917
257230001,1,1,1,1,1,0,0,20230904,20230929
257234031,1,1,1,1,1,0,0,20230906,20230927
257218501,0,0,0,0,0,1,0,20230909,20230930
257198601,0,0,0,0,0,0,1,20230910,20231001
258781502,0,0,0,0,0,1,0,20230917,20230917
257061001,1,1,1,1,1,0,0,20230904,20230928
257062051,1,1,1,1,1,0,0,20230908,20230929
257059501,0,0,0,0,0,1,0,20230909,20230930
257060601,0,0,0,0,0,0,1,20230910,20230924
258776002,1,1,1,1,1,0,0,20230912,20230912
258349502,0,0,0,0,0,1,0,20230917,20230917
258976602,0,0,0,0,0,0,1,20231001,20231001
256689001,1,1,1,1,1,0,0,20230904,20230929
256988501,0,0,0,0,0,1,0,20230909,20230930
256991601,0,0,0,0,0,0,1,20230910,20230924
258949602,0,0,0,0,0,0,1,20231001,20231001
256877001,1,1,1,1,1,0,0,20230904,20230929
256887031,1,1,1,1,1,0,0,20230906,20230927
256835501,0,0,0,0,0,1,0,20230909,20230930
256791601,0,0,0,0,0,0,1,20230910,20231001
258553502,0,0,0,0,0,1,0,20230917,20230917
258698002,1,1,1,1,1,0,0,20230904,20230915
258710032,1,1,1,1,1,0,0,20230906,20230913
258684502,0,0,0,0,0,1,0,20230909,20230916
258678602,0,0,0,0,0,0,1,20230910,20230910
258720503,0,0,0,0,0,1,0,20230917,20230917
257067001,1,1,1,1,1,0,0,20230918,20230929
257077031,1,1,1,1,1,0,0,20230920,20230927
257182501,0,0,0,0,0,1,0,20230923,20230930
257193601,0,0,0,0,0,0,1,20230924,20231001
258729002,1,1,1,1,1,0,0,20230904,20230915
258727502,0,0,0,0,0,1,0,20230909,20230916
258723602,0,0,0,0,0,0,1,20230910,20230910
258732503,0,0,0,0,0,1,0,20230917,20230917
257532001,1,1,1,1,1,0,0,20230918,20230929
257570501,0,0,0,0,0,1,0,20230923,20230930
257618601,0,0,0,0,0,0,1,20230924,20231001
256793000,1,1,1,1,1,0,0,20230904,20230929
258151070,1,1,1,1,1,0,0,20230906,20230927
256787500,0,0,0,0,0,1,0,20230909,20230930
256758600,0,0,0,0,0,0,1,20230910,20230924
258902601,0,0,0,0,0,0,1,20231001,20231001
257262001,1,1,1,1,1,0,0,20230904,20230929
257295501,0,0,0,0,0,1,0,20230909,20230930
257318601,0,0,0,0,0,0,1,20230910,20231001
258551502,0,0,0,0,0,1,0,20230917,20230917
257250001,1,1,1,1,1,0,0,20230904,20230929
257251031,1,1,1,1,1,0,0,20230906,20230927
257437501,0,0,0,0,0,1,0,20230909,20230930
257438601,0,0,0,0,0,0,1,20230910,20230924
258345502,0,0,0,0,0,1,0,20230917,20230917
258978602,0,0,0,0,0,0,1,20231001,20231001
257425001,1,1,1,1,1,0,0,20230904,20230929
257424031,1,1,1,1,1,0,0,20230906,20230927
257422501,0,0,0,0,0,1,0,20230909,20230930
257423601,0,0,0,0,0,0,1,20230910,20231001
258625502,0,0,0,0,0,1,0,20230917,20230917
257417000,1,1,1,1,1,0,0,20230904,20230929
257097500,0,0,0,0,0,1,0,20230909,20230923
256720600,0,0,0,0,0,0,1,20230910,20230924
258549501,0,0,0,0,0,1,0,20230917,20230917
258924502,0,0,0,0,0,1,0,20230930,20230930
258912602,0,0,0,0,0,0,1,20231001,20231001
257140001,1,1,1,1,1,0,0,20230904,20230929
257143501,0,0,0,0,0,1,0,20230909,20230923
257144601,0,0,0,0,0,0,1,20230910,20230924
258347502,0,0,0,0,0,1,0,20230917,20230917
258905503,0,0,0,0,0,1,0,20230930,20230930
258915602,0,0,0,0,0,0,1,20231001,20231001
257008001,1,1,1,1,1,0,0,20230904,20230929
257456001,1,1,1,1,1,0,0,20230904,20230929
257459501,0,0,0,0,0,1,0,20230909,20230923
257460601,0,0,0,0,0,0,1,20230910,20230924
258507502,0,0,0,0,0,1,0,20230917,20230917
259054503,0,0,0,0,0,1,0,20230930,20230930
259008602,0,0,0,0,0,0,1,20231001,20231001
257270001,1,1,1,1,1,0,0,20230904,20230929
257268501,0,0,0,0,0,1,0,20230909,20230923
257254601,0,0,0,0,0,0,1,20230910,20230924
258786502,0,0,0,0,0,1,0,20230917,20230917
259115503,0,0,0,0,0,1,0,20230930,20230930
259120602,0,0,0,0,0,0,1,20231001,20231001
256926000,1,1,1,1,1,0,0,20230904,20230929
256979031,1,1,1,1,1,0,0,20230906,20230927
256999500,0,0,0,0,0,1,0,20230909,20230930
257001600,0,0,0,0,0,0,1,20230910,20231001
258789502,0,0,0,0,0,1,0,20230916,20230916
258583501,0,0,0,0,0,1,0,20230917,20230917
256857000,1,1,1,1,1,0,0,20230904,20230929
256861500,0,0,0,0,0,1,0,20230909,20230930
256862600,0,0,0,0,0,0,1,20230910,20231001
258659501,0,0,0,0,0,1,0,20230917,20230917
257392001,1,1,1,1,1,0,0,20230904,20230929
257409501,0,0,0,0,0,1,0,20230909,20230930
257411601,0,0,0,0,0,0,1,20230910,20231001
258813502,0,0,0,0,0,1,0,20230917,20230917
257368001,1,1,1,1,1,0,0,20230904,20230929
257363501,0,0,0,0,0,1,0,20230909,20230930
257274601,0,0,0,0,0,0,1,20230910,20231001
258783502,0,0,0,0,0,1,0,20230917,20230917
257431001,1,1,1,1,1,0,0,20230904,20230929
257446031,1,1,1,1,1,0,0,20230906,20230927
257405503,0,0,0,0,0,1,0,20230909,20230930
257375601,0,0,0,0,0,0,1,20230910,20231001
258725504,0,0,0,0,0,1,0,20230917,20230917
257415001,1,1,1,1,1,0,0,20230904,20230929
257442031,1,1,1,1,1,0,0,20230906,20230927
257402503,0,0,0,0,0,1,0,20230909,20230930
257370601,0,0,0,0,0,0,1,20230910,20231001
258815504,0,0,0,0,0,1,0,20230917,20230917
257247001,1,1,1,1,1,0,0,20230904,20230929
257184000,1,1,1,1,1,0,0,20230904,20230929
257302060,1,1,1,1,1,0,0,20230907,20230928
257320500,0,0,0,0,0,1,0,20230909,20230930
257329600,0,0,0,0,0,0,1,20230910,20231001
258622501,0,0,0,0,0,1,0,20230917,20230917
256854000,1,1,1,1,1,0,0,20230904,20230929
256855500,0,0,0,0,0,1,0,20230909,20230930
256856600,0,0,0,0,0,0,1,20230910,20231001
258655501,0,0,0,0,0,1,0,20230917,20230917
257344001,1,1,1,1,1,0,0,20230904,20230929
257357501,0,0,0,0,0,1,0,20230909,20230930
257359601,0,0,0,0,0,0,1,20230910,20231001
258563502,0,0,0,0,0,1,0,20230917,20230917
257013001,1,1,1,1,1,0,0,20230904,20230929
257056501,0,0,0,0,0,1,0,20230909,20230930
257028601,0,0,0,0,0,0,1,20230910,20231001
258565502,0,0,0,0,0,1,0,20230917,20230917
256785001,1,1,1,1,1,0,0,20230904,20230929
256782031,1,1,1,1,1,0,0,20230906,20230927
256783501,0,0,0,0,0,1,0,20230909,20230930
256784601,0,0,0,0,0,0,1,20230910,20231001
258687502,0,0,0,0,0,1,0,20230917,20230917
257075000,1,1,1,1,1,0,0,20230904,20230915
257168500,0,0,0,0,0,1,0,20230909,20230916
258669501,0,0,0,0,0,1,0,20230917,20230917
259052001,1,1,1,1,1,0,0,20230918,20230929
259058502,0,0,0,0,0,1,0,20230923,20230930
256916001,1,1,1,1,1,0,0,20230904,20230929
257138001,1,1,1,1,1,0,0,20230904,20230929
257136501,0,0,0,0,0,1,0,20230909,20230930
257134601,0,0,0,0,0,0,1,20230910,20231001
258665502,0,0,0,0,0,1,0,20230917,20230917
257455001,1,1,1,1,1,0,0,20230904,20230929
257539031,1,1,1,1,1,0,0,20230906,20230927
257453501,0,0,0,0,0,1,0,20230909,20230930
257450601,0,0,0,0,0,0,1,20230910,20231001
258822502,0,0,0,0,0,1,0,20230917,20230917
257039000,1,1,1,1,1,0,0,20230904,20230908
256997500,0,0,0,0,0,1,0,20230909,20230909
256954600,0,0,0,0,0,0,1,20230910,20230910
258400001,1,1,1,1,1,0,0,20230911,20230929
258615002,1,1,1,1,1,0,0,20230912,20230912
258432501,0,0,0,0,0,1,0,20230916,20230930
258430601,0,0,0,0,0,0,1,20230924,20231001
257444000,1,1,1,1,1,0,0,20230904,20230929
257228500,0,0,0,0,0,1,0,20230909,20230930
257157600,0,0,0,0,0,0,1,20230910,20231001
258535501,0,0,0,0,0,1,0,20230917,20230917
256810001,1,1,1,1,1,0,0,20230904,20230929
256811501,0,0,0,0,0,1,0,20230909,20230930
256812601,0,0,0,0,0,0,1,20230910,20230924
257582002,1,1,1,1,1,0,0,20230912,20230912
258980602,0,0,0,0,0,0,1,20231001,20231001
256908001,1,1,1,1,1,0,0,20230904,20230929
256909501,0,0,0,0,0,1,0,20230909,20230930
256907601,0,0,0,0,0,0,1,20230910,20230924
259056602,0,0,0,0,0,0,1,20231001,20231001
257434001,1,1,1,1,1,0,0,20230904,20230929
257435501,0,0,0,0,0,1,0,20230909,20230930
257433601,0,0,0,0,0,0,1,20230910,20230924
258587502,0,0,0,0,0,1,0,20230917,20230917
259077602,0,0,0,0,0,0,1,20231001,20231001
256822001,1,1,1,1,1,0,0,20230904,20230929
256885501,0,0,0,0,0,1,0,20230909,20230930
256896601,0,0,0,0,0,0,1,20230910,20230924
258651502,0,0,0,0,0,1,0,20230917,20230917
259035602,0,0,0,0,0,0,1,20231001,20231001
257272001,1,1,1,1,1,0,0,20230904,20230929
257297501,0,0,0,0,0,1,0,20230909,20230930
257299601,0,0,0,0,0,0,1,20230910,20231001
258581502,0,0,0,0,0,1,0,20230917,20230917
257285001,1,1,1,1,1,0,0,20230904,20230929
257286501,0,0,0,0,0,1,0,20230909,20230930
257281601,0,0,0,0,0,0,1,20230910,20231001
258798502,0,0,0,0,0,1,0,20230917,20230917
257436000,1,1,1,1,1,0,0,20230904,20230908
257194500,0,0,0,0,0,1,0,20230909,20230923
257178600,0,0,0,0,0,0,1,20230910,20230924
258536001,1,1,1,1,1,0,0,20230911,20230928
258653502,0,0,0,0,0,1,0,20230916,20230916
258318501,0,0,0,0,0,1,0,20230917,20230917
258838002,1,1,1,1,1,0,0,20230929,20230929
258517503,0,0,0,0,0,1,0,20230930,20230930
258515601,0,0,0,0,0,0,1,20231001,20231001
257426000,1,1,1,1,1,0,0,20230904,20230929
256695500,0,0,0,0,0,1,0,20230909,20230923
256696600,0,0,0,0,0,0,1,20230910,20230924
258319501,0,0,0,0,0,1,0,20230917,20230917
258842502,0,0,0,0,0,1,0,20230930,20230930
258844601,0,0,0,0,0,0,1,20231001,20231001
257201001,1,1,1,1,1,0,0,20230904,20230929
258321502,0,0,0,0,0,1,0,20230909,20230930
257226601,0,0,0,0,0,0,1,20230910,20231001
258529503,0,0,0,0,0,1,0,20230917,20230917
257657000,1,1,1,1,1,0,0,20230904,20230929
257610500,0,0,0,0,0,1,0,20230909,20230923
257346600,0,0,0,0,0,0,1,20230910,20231001
258561501,0,0,0,0,0,1,0,20230917,20230917
258916502,0,0,0,0,0,1,0,20230930,20230930
257581001,1,1,1,1,1,0,0,20230908,20230929
257578501,0,0,0,0,0,1,0,20230909,20230930
258475002,1,1,1,1,1,0,0,20230908,20230929
258477502,0,0,0,0,0,1,0,20230909,20230930
257331000,1,1,1,1,1,0,0,20230908,20230929
257333500,0,0,0,0,0,1,0,20230909,20230930
257552001,1,1,1,1,1,0,0,20230908,20230929
257553501,0,0,0,0,0,1,0,20230909,20230930
257312051,1,1,1,1,1,0,0,20230908,20230929
257314501,0,0,0,0,0,1,0,20230909,20230930
257548001,1,1,1,1,1,0,0,20230908,20230929
257549501,0,0,0,0,0,1,0,20230909,20230930
257107001,1,1,1,1,1,0,0,20230908,20230929
257106501,0,0,0,0,0,1,0,20230909,20230930
258808501,0,0,0,0,0,1,0,20230916,20230923
258806001,1,1,1,1,1,0,0,20230921,20230921
257840001,1,1,1,1,1,0,0,20230904,20230929
257291001,1,1,1,1,1,0,0,20230904,20230928
257292051,1,1,1,1,1,0,0,20230908,20230929
257290501,0,0,0,0,0,1,0,20230909,20230930
257293601,0,0,0,0,0,0,1,20230910,20231001
258820503,0,0,0,0,0,1,0,20230916,20230923
258796502,0,0,0,0,0,1,0,20230917,20230917
258817002,1,1,1,1,1,0,0,20230921,20230921
257337000,1,1,1,1,1,0,0,20230904,20230915
257339500,0,0,0,0,0,1,0,20230909,20230930
257341600,0,0,0,0,0,0,1,20230910,20231001
258834501,0,0,0,0,0,1,0,20230917,20230917
259088001,1,1,1,1,1,0,0,20230918,20230929
257601001,1,1,1,1,1,0,0,20230904,20230915
257603501,0,0,0,0,0,1,0,20230909,20230930
257605601,0,0,0,0,0,0,1,20230910,20231001
258831502,0,0,0,0,0,1,0,20230917,20230917
259093002,1,1,1,1,1,0,0,20230918,20230929
257830001,1,1,1,1,1,0,0,20230904,20230929
257690501,0,0,0,0,0,1,0,20230909,20230930
256972001,1,1,1,1,1,0,0,20230904,20230915
257103501,0,0,0,0,0,1,0,20230909,20230930
257104601,0,0,0,0,0,0,1,20230910,20231001
259086002,1,1,1,1,1,0,0,20230918,20230929
257304001,1,1,1,1,1,0,0,20230904,20230915
257306501,0,0,0,0,0,1,0,20230909,20230930
257309601,0,0,0,0,0,0,1,20230910,20231001
258768502,0,0,0,0,0,1,0,20230917,20230917
259106002,1,1,1,1,1,0,0,20230918,20230929
257990001,1,1,1,1,1,0,0,20230904,20230929
257658000,1,1,1,1,1,0,0,20230904,20230929
257826500,0,0,0,0,0,1,0,20230909,20230930
257716600,0,0,0,0,0,0,1,20230910,20230924
258559501,0,0,0,0,0,1,0,20230917,20230917
258895601,0,0,0,0,0,0,1,20231001,20231001
257255600,0,0,0,0,0,0,1,20230910,20230910
259027601,0,0,0,0,0,0,1,20230924,20231001
257558000,1,1,1,1,1,0,0,20230904,20230929
257326500,0,0,0,0,0,1,0,20230909,20230923
257327600,0,0,0,0,0,0,1,20230910,20230924
258689502,0,0,0,0,0,1,0,20230916,20230916
258406501,0,0,0,0,0,1,0,20230917,20230917
259111001,1,1,1,1,1,0,0,20230928,20230928
257661000,1,1,1,1,1,0,0,20230904,20230929
257825500,0,0,0,0,0,1,0,20230909,20230930
257719600,0,0,0,0,0,0,1,20230910,20231001
258557501,0,0,0,0,0,1,0,20230917,20230917
259079001,1,1,1,1,1,0,0,20230928,20230928
258341501,0,0,0,0,0,1,0,20230917,20230917
